%YAML:1.0
---
K: !!opencv-matrix
   rows: 3
   cols: 3
   dt: d
   data: [ 3.7866594157968177e+02, 0., 3.3579304024201878e+02, 0.,
       3.7662388446604496e+02, 2.2844243381269371e+02, 0., 0., 1. ]
D: !!opencv-matrix
   rows: 1
   cols: 5
   dt: d
   data: [ -4.0357325454542459e-01, 4.2615568383600977e-01,
       -1.0361172972310172e-03, 1.3438183038259338e-02,
       -2.6399411081383095e-01 ]
