%YAML:1.0
---
M1: !!opencv-matrix
   rows: 3
   cols: 3
   dt: d
   data: [ 3.8597821043163265e+02, 0., 3.3956987304539268e+02, 0.,
       3.8338697372869609e+02, 2.4600291732309384e+02, 0., 0., 1. ]
D1: !!opencv-matrix
   rows: 1
   cols: 14
   dt: d
   data: [ -1.9226045148297416e-01, 2.2198355654003365e-02, 0., 0., 0.,
       0., 0., -9.2437384271839895e-02, 0., 0., 0., 0., 0., 0. ]
M2: !!opencv-matrix
   rows: 3
   cols: 3
   dt: d
   data: [ 5.3047181029395051e+02, 0., 3.2975654076799088e+02, 0.,
       5.3177724566317045e+02, 2.3099030707512222e+02, 0., 0., 1. ]
D2: !!opencv-matrix
   rows: 1
   cols: 14
   dt: d
   data: [ 1.0766759368547643e-02, -3.8475094000292281e-01, 0., 0., 0.,
       0., 0., -5.7389124681985815e-01, 0., 0., 0., 0., 0., 0. ]
