%YAML:1.0
---
R: !!opencv-matrix
   rows: 3
   cols: 3
   dt: d
   data: [ 9.9996888238405357e-01, 4.9658030303482616e-03,
       6.1298502306904173e-03, -4.8677880138721791e-03,
       9.9986169860079599e-01, -1.5902462418852185e-02,
       -6.2079709598961298e-03, 1.5872128760654251e-02,
       9.9985475776492971e-01 ]
T: !!opencv-matrix
   rows: 3
   cols: 1
   dt: d
   data: [ -3.7419189660694208e+01, -8.3045818748568878e-01,
       5.9651301067425795e+00 ]
R1: !!opencv-matrix
   rows: 3
   cols: 3
   dt: d
   data: [ 9.8813339121086019e-01, 2.4312973112791292e-02,
       -1.5166173054710066e-01, -2.5826498195824183e-02,
       9.9963428919615327e-01, -8.0174718111435204e-03,
       1.5141133763713263e-01, 1.1839223020032992e-02,
       9.8839993911028534e-01 ]
R2: !!opencv-matrix
   rows: 3
   cols: 3
   dt: d
   data: [ 9.8729371259706789e-01, 2.1911381687151354e-02,
       -1.5738810761572131e-01, -2.0910853455673100e-02,
       9.9974925383779389e-01, 8.0103469668631588e-03,
       1.5752416092159724e-01, -4.6174455420869365e-03,
       9.8750433817913541e-01 ]
P1: !!opencv-matrix
   rows: 3
   cols: 4
   dt: d
   data: [ 3.0246064908008498e+02, 0., 4.4905029106140137e+02, 0., 0.,
       3.0246064908008498e+02, 2.3946030044555664e+02, 0., 0., 0., 1.,
       0. ]
P2: !!opencv-matrix
   rows: 3
   cols: 4
   dt: d
   data: [ 3.0246064908008498e+02, 0., 4.4905029106140137e+02,
       -1.1463490801590246e+04, 0., 3.0246064908008498e+02,
       2.3946030044555664e+02, 0., 0., 0., 1., 0. ]
Q: !!opencv-matrix
   rows: 4
   cols: 4
   dt: d
   data: [ 1., 0., 0., -4.4905029106140137e+02, 0., 1., 0.,
       -2.3946030044555664e+02, 0., 0., 0., 3.0246064908008498e+02, 0.,
       0., 2.6384689822242176e-02, 0. ]
