%YAML:1.0
---
K: !!opencv-matrix
   rows: 3
   cols: 3
   dt: d
   data: [ 2.7826793714033340e+02, 0., 3.2807991900882831e+02, 0.,
       2.7667995035439219e+02, 2.1371682066067339e+02, 0., 0., 1. ]
D: !!opencv-matrix
   rows: 1
   cols: 5
   dt: d
   data: [ -2.3667375508653279e-01, 1.4602501503063786e-01,
       4.5187360790683445e-03, 1.4813027753784352e-02,
       -5.4383334818694368e-02 ]
