%YAML:1.0
---
K: !!opencv-matrix
   rows: 3
   cols: 3
   dt: d
   data: [ 4.2626002598665656e+02, 0., 3.3164761252143745e+02, 0.,
       4.2507624360947096e+02, 2.5569700486018826e+02, 0., 0., 1. ]
D: !!opencv-matrix
   rows: 1
   cols: 5
   dt: d
   data: [ -2.2474550062596985e-01, 1.1089320539525477e-01,
       -2.6420318073697943e-03, 8.1333730736753828e-03,
       -7.4890163379631308e-02 ]
