%YAML:1.0
---
K: !!opencv-matrix
   rows: 3
   cols: 3
   dt: d
   data: [ 3.8513954867276209e+02, 0., 3.3792181533679923e+02, 0.,
       3.8350695084021481e+02, 2.4211139478120796e+02, 0., 0., 1. ]
D: !!opencv-matrix
   rows: 1
   cols: 5
   dt: d
   data: [ -1.9523136192566248e-01, 8.7691058431902752e-02,
       -5.4609468360767113e-04, -2.3892971325493060e-04,
       -3.8974866805036236e-02 ]
