%YAML:1.0
---
K: !!opencv-matrix
   rows: 3
   cols: 3
   dt: d
   data: [ 5.7120227661756087e+02, 0., 3.0247747616783573e+02, 0.,
       5.7152845933849096e+02, 2.2833446313467891e+02, 0., 0., 1. ]
D: !!opencv-matrix
   rows: 1
   cols: 5
   dt: d
   data: [ 1.9355059426462623e-02, -3.7808013329738566e-01,
       1.8653141141686026e-03, 4.9932442143788558e-03,
       7.2274678518194058e-01 ]
