%YAML:1.0
---
K: !!opencv-matrix
   rows: 3
   cols: 3
   dt: d
   data: [ 5.0323162252022087e+02, 0., 3.2490152500747877e+02, 0.,
       5.0352101385089753e+02, 2.2609903373600545e+02, 0., 0., 1. ]
D: !!opencv-matrix
   rows: 1
   cols: 5
   dt: d
   data: [ -8.5790317910834482e-02, 2.7578877093607629e-01,
       -1.2734784346339523e-03, -1.9924543968383975e-03,
       -6.0977486582777130e-01 ]
