%YAML:1.0
---
K: !!opencv-matrix
   rows: 3
   cols: 3
   dt: d
   data: [ 9.99968882384054e-01, 4.96580303034826e-03, 6.12985023069042e-03, -4.86778801387218e-03, 9.99861698600796e-01, -1.59024624188522e-02, -6.20797095989613e-03, 1.58721287606543e-02, 9.99854757764930e-01 ]
D: !!opencv-matrix
   rows: 3
   cols: 1
   dt: d
   data: [ -3.74191896606942e+01, -8.30458187485689e-01, 5.96513010674258 ]