%YAML:1.0
---
m: 8.6975313549442923e-01
c: 2.8811335465587447e+01
