%YAML:1.0
---
m: 1.0764337464931029e+00
c: -1.1559388417324614e+01
